function f = Objectivefcn(x) 

tt=x(1); 
te=x(3); 
tf=x(2); 
density= 2780; 
g=9.81; 
weight= (pi*(0.03^2-0.016^2)*(tt+0.002))... 
+10^(-6)*38954.54*tt ... 
-(-0.74066262*te + 0.03898065)*(tt-tf)... 
+2*0.052*pi*(0.035^2-0.025^2)... 
+10^(-6)*599.16*11*tt/30 ... 
- pi*0.25*tt *(1* 0.06145^2  + 0.8* (0.07145^2-0.06145^2)+   0.6* (0.08145^2-0.07145^2)+0.4* (0.11145^2-0.08145^2)+0.2* (0.12145^2-0.11145^2)+0.1* (0.13145^2-0.12145^2)); 
f=density*g*weight 
end  
